NItems: 200
NBinary: 20
NContinuous: 20
Agglomerative
IC: AIC
MergeSplitProbability: 0.25
MaximumIterations: 100
StartTemp: 500
TempFactor: 0.99
MaxTemps: 100000
MaxRepIters: 20000
Seed: 1
EMIterations: 100
OutInterval: 1
ClustFile: clustfile.txt
NormExp: 0
Nrun: 0  
GENE0 0 0 0 1 1 1 1 0 0 0 0 0 0 0 1 1 0 1 1 0 -0.4765386533 -1.20066852 -0.422161301 -0.4769262762 -0.3915312885 1.6614625942 -0.5264303615 0.5148318734 -0.7380265044 0.7983998534 1.6788213258 0.3525189371 -0.5343971289 0.8074409234 -1.1545894616 1.1516130154 -1.313722178 1.6782261766 -1.0162295721 -0.3512150164
GENE1 0 0 0 1 1 1 1 0 0 0 0 0 0 0 1 1 0 1 1 0 -0.4808406431 -1.1876763307 -0.4423410512 -0.4751493839 -0.396965996 1.6709779194 -0.526275095 0.5121057944 -0.7399474163 0.8027740397 1.6742977045 0.3562186725 -0.5220498526 0.7931213765 -1.1539646663 1.1424829456 -1.3068357316 1.6858205787 -1.0318587232 -0.3533332355
GENE2 0 0 0 1 1 1 1 0 0 0 0 0 0 0 1 1 0 1 1 0 -0.4877185071 -1.1811041112 -0.4370126771 -0.4743384742 -0.4249390029 1.6630460356 -0.5143488862 0.5137408259 -0.7354947281 0.8006116622 1.6781314018 0.3520833077 -0.5260607663 0.7879168079 -1.154671976 1.1459990165 -1.3188525326 1.6714563372 -1.044445159 -0.3566300553
GENE3 0 0 0 1 1 1 1 0 0 0 0 0 0 0 1 1 0 1 1 0 -0.4805147615 -1.1938070599 -0.4334079898 -0.4817564761 -0.3792389503 1.6778144603 -0.5152447322 0.5473686209 -0.7566644854 0.8010619739 1.6901398941 0.3370148097 -0.5116772569 0.8111656649 -1.1637947577 1.131828782 -1.3101856866 1.6750770174 -1.0320545106 -0.3419100239
GENE4 0 0 0 1 1 1 1 0 0 0 0 0 0 0 1 1 0 1 1 0 -0.4954518968 -1.2091381875 -0.4345381315 -0.4727608557 -0.3922457347 1.6801477645 -0.5250288841 0.4939493614 -0.7337396017 0.8093641675 1.6790758671 0.3440635754 -0.5116291603 0.8148480595 -1.14248843 1.1433251814 -1.3061449941 1.663806288 -1.0192842641 -0.3672015256
GENE5 0 0 0 1 1 1 1 0 0 0 0 0 0 0 1 1 0 1 1 0 -0.4911375599 -1.1879389496 -0.4386060351 -0.4864677453 -0.4001632414 1.6651027605 -0.5332935566 0.5170789559 -0.7514515822 0.8180966415 1.6853029648 0.3478484738 -0.5372745165 0.7983662732 -1.1589839099 1.1460077692 -1.3206090553 1.6758920674 -1.0344307014 -0.3657283278
GENE6 0 0 0 1 1 1 1 0 0 0 0 0 0 0 1 1 0 1 1 0 -0.4838485309 -1.2002114897 -0.4423914419 -0.4924432623 -0.3876738113 1.6971197285 -0.5438864896 0.5147098215 -0.7462507198 0.8138986462 1.676762964 0.3441529717 -0.52999529 0.7997874468 -1.1431666742 1.1527270638 -1.331168246 1.6877146448 -1.030679756 -0.3600469108
GENE7 0 0 0 1 1 1 1 0 0 0 0 0 0 0 1 1 0 1 1 0 -0.4897891989 -1.1889511486 -0.4456117067 -0.4717567455 -0.3914853631 1.6945979498 -0.5326287141 0.4935343707 -0.7427462324 0.8139988046 1.6744598616 0.3427291599 -0.5209096308 0.8071768653 -1.1632877862 1.140879741 -1.3144533559 1.6775802363 -1.0152447552 -0.3544501325
GENE8 0 0 0 1 1 1 1 0 0 0 0 0 0 0 1 1 0 1 1 0 -0.5111815023 -1.1991592639 -0.4302615558 -0.4830394262 -0.3861250984 1.6958947102 -0.5162302064 0.5248764074 -0.7418457839 0.8048940002 1.6845398292 0.3571191436 -0.5134813001 0.7957688253 -1.1554072861 1.135734 -1.31615841 1.6843034514 -1.0216092393 -0.3669778131
GENE9 0 0 0 1 1 1 1 0 0 0 0 0 0 0 1 1 0 1 1 0 -0.4844388695 -1.1822787179 -0.4531779151 -0.489183947 -0.4182104208 1.6758361271 -0.5298588678 0.5012397441 -0.7511403416 0.8110756475 1.6674023494 0.3430908656 -0.541782752 0.8070965642 -1.1604891617 1.1239251274 -1.307005018 1.6830683408 -1.0392267103 -0.3758582133
GENE10 0 1 1 1 1 1 0 1 1 0 0 0 0 0 0 0 0 1 1 0 0.5384773222 -0.4946393725 -0.2138601364 0.96029942 -0.1281390918 -1.0460564843 -1.5279328519 -0.1268820674 -1.4923408849 1.483032225 1.1598761203 1.0361638321 0.5242615246 0.9168047547 1.2368450811 -1.097042876 -1.1086744898 -1.3977745743 0.5089438676 0.2058621353
GENE11 0 1 1 1 1 1 0 1 1 0 0 0 0 0 0 0 0 1 1 0 0.5420035704 -0.4873723816 -0.1980705716 0.9560084811 -0.1257550137 -1.0395580338 -1.5329232356 -0.1309657803 -1.4863564791 1.4825575895 1.1316503186 1.0377606366 0.5447416237 0.9052416472 1.2359653354 -1.075401048 -1.1020334314 -1.406439428 0.5257826427 0.2214640921
GENE12 0 1 1 1 1 1 0 1 1 0 0 0 0 0 0 0 0 1 1 0 0.5458392552 -0.5143440314 -0.2091208471 0.947047606 -0.1239181381 -1.0219649857 -1.5225338272 -0.1114677103 -1.46136722 1.4868912894 1.1484725408 1.0512410167 0.5396032227 0.9118305155 1.2259586138 -1.0863203817 -1.1113203079 -1.3930403658 0.5079512826 0.1900802574
GENE13 0 1 1 1 1 1 0 1 1 0 0 0 0 0 0 0 0 1 1 0 0.5334834263 -0.4927709101 -0.2147737288 0.9667125712 -0.1156850843 -1.0432246655 -1.5285856133 -0.1289779273 -1.4969194714 1.5075649786 1.1541047772 1.0666059636 0.5547490113 0.9172027889 1.2456328109 -1.0723030812 -1.1221844624 -1.3828825716 0.4983460865 0.2108735612
GENE14 0 1 1 1 1 1 0 1 1 0 0 0 0 0 0 0 0 1 1 0 0.5436087577 -0.4916265866 -0.1984193475 0.9633720269 -0.1255989081 -1.0391992678 -1.5214037213 -0.1098427989 -1.4664289124 1.4776916036 1.1386323709 1.0480650175 0.5331075527 0.9181361559 1.2380776374 -1.0695121175 -1.0856356179 -1.3860082061 0.5031409855 0.1930870527
GENE15 0 1 1 1 1 1 0 1 1 0 0 0 0 0 0 0 0 1 1 0 0.5403131388 -0.5006810474 -0.2008156884 0.953966703 -0.1394007124 -1.0342097361 -1.5251892691 -0.1040023062 -1.4986832131 1.4668586807 1.1487890689 1.0411978065 0.5414403531 0.9032662163 1.2556461837 -1.0734623595 -1.116585698 -1.3949635599 0.5129142785 0.2184164059
GENE16 0 1 1 1 1 1 0 1 1 0 0 0 0 0 0 0 0 1 1 0 0.536215839 -0.4925349722 -0.1964730121 0.9457367925 -0.1392220166 -1.0250844123 -1.5290961146 -0.1336218853 -1.4800381718 1.4866039329 1.1445540083 1.0289403228 0.5295328532 0.9090078748 1.2447821189 -1.0782629385 -1.106979688 -1.4003687629 0.5075313037 0.2354118483
GENE17 0 1 1 1 1 1 0 1 1 0 0 0 0 0 0 0 0 1 1 0 0.5227774497 -0.4970148252 -0.2126994023 0.9558495926 -0.116399648 -1.0295721469 -1.5132475553 -0.1234459175 -1.494249761 1.4985745585 1.1531659666 1.0317165187 0.5424123503 0.9361870795 1.241001155 -1.077251817 -1.1253304047 -1.3965537295 0.5090040973 0.2082035816
GENE18 0 1 1 1 1 1 0 1 1 0 0 0 0 0 0 0 0 1 1 0 0.5395260078 -0.4993306767 -0.2035522502 0.954451112 -0.1349568808 -1.0290805147 -1.5304308312 -0.1143073157 -1.5007389518 1.4799032123 1.148915257 1.0279814149 0.5513151838 0.8972089389 1.2621931547 -1.0781617483 -1.1042968376 -1.4186610148 0.4932862106 0.185603844
GENE19 0 1 1 1 1 1 0 1 1 0 0 0 0 0 0 0 0 1 1 0 0.5400087362 -0.4991715603 -0.2105470441 0.9583072503 -0.1174701805 -1.0215759023 -1.5211295275 -0.1135895441 -1.4673383472 1.5029028592 1.1506344924 1.0188813334 0.542649587 0.9033280828 1.2373067906 -1.0611311631 -1.1054958139 -1.4037060636 0.4747515823 0.2047171724
GENE20 0 0 1 1 0 0 1 1 1 0 1 1 1 0 1 1 0 0 0 1 0.1855177743 0.7853993229 -1.4598810441 1.2295740208 -0.8845251137 -1.2557774546 0.8054294832 -1.3296505116 0.6186720927 0.9637653324 1.0779075127 -0.5588553985 -0.4964359484 -0.6818972509 -1.5224653964 1.1437345286 0.7512614588 1.0373757408 0.4330948242 -0.9232627347
GENE21 0 0 1 1 0 0 1 1 1 0 1 1 1 0 1 1 0 0 0 1 0.1646248747 0.7950120491 -1.4911418864 1.2315115623 -0.8897097906 -1.2590156538 0.7958208771 -1.3240533228 0.6289888256 0.9838746318 1.081322767 -0.5379162972 -0.4801265093 -0.674033091 -1.5415473711 1.1529826792 0.7580674469 1.0449052315 0.4587201715 -0.9216018672
GENE22 0 0 1 1 0 0 1 1 1 0 1 1 1 0 1 1 0 0 0 1 0.1967774145 0.7993229094 -1.49450005 1.2402506302 -0.8821836145 -1.2550630849 0.8028742288 -1.326082447 0.6265181147 0.9837102525 1.0929564955 -0.5495514015 -0.4560113749 -0.6712068377 -1.5261953938 1.1554854825 0.7443040308 1.0409023598 0.4577653737 -0.9253984476
GENE23 0 0 1 1 0 0 1 1 1 0 1 1 1 0 1 1 0 0 0 1 0.1936165107 0.7858863873 -1.4861547836 1.2263518671 -0.8927474924 -1.2611202344 0.8281323201 -1.3239851064 0.6155698215 0.9797980215 1.0727380089 -0.5699972203 -0.4700672966 -0.6690969415 -1.5342915993 1.1686737834 0.7397099344 1.0584932574 0.4442887345 -0.9163816599
GENE24 0 0 1 1 0 0 1 1 1 0 1 1 1 0 1 1 0 0 0 1 0.1976283582 0.7666171588 -1.4760793967 1.217475439 -0.9022009288 -1.2540911011 0.8237743341 -1.3370683709 0.6255316662 0.9790505817 1.0733933443 -0.5429567875 -0.4713621213 -0.6662102556 -1.5492886147 1.1561844614 0.7568133518 1.0341653472 0.4354084068 -0.9187136754
GENE25 0 0 1 1 0 0 1 1 1 0 1 1 1 0 1 1 0 0 0 1 0.1842765299 0.776546183 -1.4870412424 1.2270625458 -0.8925628614 -1.2721057795 0.8108527212 -1.3207527364 0.6351915137 0.9873686247 1.0761369315 -0.560554127 -0.4764330984 -0.6603210135 -1.5021236599 1.1629362428 0.7528790328 1.0561825242 0.456281347 -0.9067534188
GENE26 0 0 1 1 0 0 1 1 1 0 1 1 1 0 1 1 0 0 0 1 0.1868132798 0.786365391 -1.4728286254 1.228151314 -0.8985978939 -1.2616210593 0.8193718014 -1.3403128037 0.6244776353 0.976893595 1.0897787971 -0.5595437396 -0.4703198756 -0.6711677806 -1.5196983656 1.1577274971 0.7415283877 1.0398748458 0.4493536057 -0.9050786767
GENE27 0 0 1 1 0 0 1 1 1 0 1 1 1 0 1 1 0 0 0 1 0.1881036428 0.7694087052 -1.4826156328 1.2267881008 -0.885963611 -1.257692838 0.8054140121 -1.3422449942 0.6129636034 0.9759482716 1.0712646108 -0.555300475 -0.4762310993 -0.6627922163 -1.528739735 1.1707683463 0.7620856132 1.051035877 0.4440560456 -0.9139602921
GENE28 0 0 1 1 0 0 1 1 1 0 1 1 1 0 1 1 0 0 0 1 0.2093251386 0.7690672582 -1.4904837084 1.2307874575 -0.8676249437 -1.2521512238 0.8238084586 -1.3136152895 0.6161774602 0.9628942812 1.0830761322 -0.5474903679 -0.4874166361 -0.6665997719 -1.5085235127 1.1562430008 0.7554100862 1.0215465099 0.4518238094 -0.9230934442
GENE29 0 0 1 1 0 0 1 1 1 0 1 1 1 0 1 1 0 0 0 1 0.1891739764 0.7719845054 -1.4806245083 1.2401464842 -0.8737093254 -1.2725470549 0.8082334571 -1.3388753222 0.6338687559 0.9777573299 1.0895300792 -0.5479586743 -0.4826621521 -0.6653522344 -1.5112375286 1.1588954728 0.7469949607 1.020948269 0.439423674 -0.9232386359
GENE30 0 1 0 1 1 0 1 0 0 0 0 0 0 0 0 0 1 0 0 1 0.595447707 0.0015854869 -0.3108330875 1.1909122395 1.1111589736 -1.3299281065 -1.3829698644 1.3274796267 -0.0827546291 -0.4398082148 0.4621944705 -0.7477466106 1.1181526583 0.4632839048 0.9514691121 -1.3880710694 0.0236769701 -1.4134376237 -1.3132929795 1.1957685969
GENE31 0 1 0 1 1 0 1 0 0 0 0 0 0 0 0 0 1 0 0 1 0.5817756166 -0.0056784054 -0.3049699308 1.1983316946 1.1153081861 -1.3372532223 -1.3713319447 1.3468803377 -0.0823833956 -0.4239074126 0.4861754589 -0.7519259287 1.1222224566 0.4813949939 0.9436887882 -1.3961754188 0.0361075767 -1.421866715 -1.300678092 1.18257297
GENE32 0 1 0 1 1 0 1 0 0 0 0 0 0 0 0 0 1 0 0 1 0.5785999347 -0.0027410605 -0.308697854 1.1832299634 1.0858639118 -1.3382277301 -1.3901608357 1.3473678367 -0.0872996482 -0.4345963964 0.4838872929 -0.7435289009 1.0887683998 0.4894164037 0.9530207268 -1.3742412775 0.0441232101 -1.4361737554 -1.2791935352 1.1992603117
GENE33 0 1 0 1 1 0 1 0 0 0 0 0 0 0 0 0 1 0 0 1 0.5821454901 -0.008982036 -0.3139925224 1.1813150414 1.0958998232 -1.3459452156 -1.395532921 1.3458809294 -0.0716900214 -0.4336233923 0.4700495284 -0.7617493109 1.116372632 0.4587532817 0.9498221978 -1.3694602751 0.0197783265 -1.4296079872 -1.3234123256 1.1795719386
GENE34 0 1 0 1 1 0 1 0 0 0 0 0 0 0 0 0 1 0 0 1 0.5897262768 0.0028362653 -0.3211212404 1.1943419426 1.1140347397 -1.3529756064 -1.3866688482 1.3203493734 -0.0862207815 -0.4229336447 0.4835139443 -0.7485430778 1.1137540304 0.4677259572 0.9514929674 -1.3828673141 0.0453611429 -1.4248838146 -1.2910531445 1.1842081461
GENE35 0 1 0 1 1 0 1 0 0 0 0 0 0 0 0 0 1 0 0 1 0.6080385665 -0.0106024714 -0.3192649445 1.189715579 1.1047954117 -1.3337692073 -1.3988531993 1.3261078205 -0.0848434036 -0.4386253797 0.4644639112 -0.7501815393 1.1150259275 0.4633026419 0.9390898635 -1.3810818375 0.0482820997 -1.4391819824 -1.299705615 1.1619781982
GENE36 0 1 0 1 1 0 1 0 0 0 0 0 0 0 0 0 1 0 0 1 0.5739913588 -0.0171597867 -0.3163808063 1.1863596771 1.1077394347 -1.3455120957 -1.3831652085 1.3401316666 -0.0911790114 -0.4291289659 0.4722608107 -0.7597418571 1.1028906696 0.4562519275 0.9403044691 -1.3881950733 0.0431111811 -1.440685928 -1.2861430438 1.1856869337
GENE37 0 1 0 1 1 0 1 0 0 0 0 0 0 0 0 0 1 0 0 1 0.5945989549 -0.0097675339 -0.2998868272 1.1849512337 1.0915405642 -1.3455381041 -1.3857462546 1.3424893667 -0.0613248708 -0.4440019255 0.4696640235 -0.7595161644 1.1106602652 0.4819433968 0.943886753 -1.4020944467 0.0487041639 -1.4253267029 -1.3115971667 1.1937504362
GENE38 0 1 0 1 1 0 1 0 0 0 0 0 0 0 0 0 1 0 0 1 0.5778982565 -0.0182574972 -0.3178011119 1.197678522 1.0978083219 -1.3541369893 -1.3758821598 1.3457286895 -0.074696496 -0.4274112385 0.4739656476 -0.7459755594 1.1039977671 0.4558675032 0.9421238162 -1.4030973413 0.0416632485 -1.430271422 -1.3147667784 1.1922204712
GENE39 0 1 0 1 1 0 1 0 0 0 0 0 0 0 0 0 1 0 0 1 0.5752790267 -0.0068361068 -0.3410085185 1.1601683604 1.0942630905 -1.3485534569 -1.3870569312 1.3237546704 -0.0819941465 -0.4293987355 0.4485939944 -0.7496342158 1.131090058 0.4879892109 0.9420306018 -1.3822375855 0.041351531 -1.4134147912 -1.3123747029 1.1715202193
GENE40 0 1 0 1 1 1 0 0 0 1 0 0 0 0 0 1 0 0 0 0 -1.1947087241 -0.6644944459 -1.2465893776 -0.9776020579 0.0830873929 0.7439918269 -0.6760751573 1.2470359071 1.3114108967 -0.5449481956 0.869921246 0.6011987857 0.5148444729 0.7625474781 -1.0011959166 0.6060108325 1.0180147907 -1.4892348886 1.2777211519 -1.3333426682
GENE41 0 1 0 1 1 1 0 0 0 1 0 0 0 0 0 1 0 0 0 0 -1.1835548926 -0.6742786346 -1.233322411 -0.9563485932 0.1004158584 0.7645327115 -0.6778513805 1.2530086682 1.3110142278 -0.5313141284 0.8700122131 0.6231450801 0.5370476948 0.7748059236 -0.9928622186 0.613040268 1.0179722634 -1.4903383339 1.2943817858 -1.3176069477
GENE42 0 1 0 1 1 1 0 0 0 1 0 0 0 0 0 1 0 0 0 0 -1.2015535849 -0.6792304696 -1.2315102652 -0.9716476927 0.0910043288 0.7559808613 -0.6771450084 1.2487187947 1.3128328871 -0.5350337267 0.8801247525 0.6215768958 0.5491699184 0.7506899794 -1.0083911703 0.6128697455 1.0181616968 -1.4780911078 1.2571729038 -1.3588199284
GENE43 0 1 0 1 1 1 0 0 0 1 0 0 0 0 0 1 0 0 0 0 -1.1876958082 -0.6563187138 -1.2263040804 -0.961056885 0.1062734586 0.7546227359 -0.680512607 1.2407915083 1.3055183859 -0.5134836444 0.8833027695 0.627055047 0.5482803194 0.7639376485 -0.9926939764 0.5948145658 1.022513002 -1.5006827432 1.2743670404 -1.3380471598
GENE44 0 1 0 1 1 1 0 0 0 1 0 0 0 0 0 1 0 0 0 0 -1.1994916885 -0.6843242982 -1.2355223332 -0.962079685 0.0941250198 0.7894722687 -0.6705708997 1.2616344776 1.3124688639 -0.5394748424 0.8773247228 0.6126684604 0.551057821 0.7660740683 -1.0144223268 0.6241392218 1.0199507855 -1.4852231384 1.2704661367 -1.3372450278
GENE45 0 1 0 1 1 1 0 0 0 1 0 0 0 0 0 1 0 0 0 0 -1.1829532748 -0.6833492805 -1.2227779459 -0.9679311032 0.0936363293 0.7691153063 -0.653450483 1.2305578102 1.3203267073 -0.5278079312 0.8926340963 0.6181577631 0.5266699883 0.7491773046 -1.0128915282 0.6230093076 1.0181700963 -1.4932512054 1.2844317521 -1.3223858732
GENE46 0 1 0 1 1 1 0 0 0 1 0 0 0 0 0 1 0 0 0 0 -1.1730241684 -0.67782472 -1.2149148366 -0.9745449146 0.104479328 0.7630715123 -0.6761601607 1.2510585474 1.3027497498 -0.524731583 0.8709109002 0.5920055457 0.5279173036 0.7736911302 -1.0146217375 0.6286808163 1.0084093108 -1.4752585898 1.2770382904 -1.3596714096
GENE47 0 1 0 1 1 1 0 0 0 1 0 0 0 0 0 1 0 0 0 0 -1.1951248897 -0.663745115 -1.2097116281 -0.971151246 0.082355945 0.779261592 -0.6926148205 1.2494708809 1.3120810263 -0.5314757595 0.8791081625 0.6135196382 0.5388326889 0.7752980675 -1.0167290148 0.6040877075 1.0155906184 -1.4829938903 1.284676023 -1.3511157506
GENE48 0 1 0 1 1 1 0 0 0 1 0 0 0 0 0 1 0 0 0 0 -1.1923920755 -0.6920248919 -1.2191835992 -0.975983779 0.1060764207 0.7733567909 -0.6701073575 1.221043557 1.3309851489 -0.5207041979 0.8586389116 0.6067508194 0.5457908053 0.7595382272 -1.0126203162 0.6258208874 1.0176166522 -1.4877010561 1.281568079 -1.3407238822
GENE49 0 1 0 1 1 1 0 0 0 1 0 0 0 0 0 1 0 0 0 0 -1.200913171 -0.6663318704 -1.2292115309 -0.9679256111 0.1018480616 0.7669548713 -0.6915554873 1.2439847569 1.3155181571 -0.5321555268 0.8770227699 0.6205120751 0.5421558488 0.7679098831 -1.0063062369 0.6060726292 1.0250308835 -1.4749936087 1.2713117535 -1.341165921
GENE50 1 0 1 1 0 1 0 0 0 0 0 0 0 1 1 1 1 0 0 0 1.239719378 0.6106750439 -0.4214746038 1.3256442352 -0.7555824446 -1.1311391048 1.7418044336 -0.8164128977 -0.8671248047 0.4119668432 -0.8592132672 -1.0308296207 -1.0226297629 0.2611311892 1.6065066007 0.8897355964 0.7550609677 -0.1179161805 -0.7617315313 -1.0540387524
GENE51 1 0 1 1 0 1 0 0 0 0 0 0 0 1 1 1 1 0 0 0 1.2436176031 0.6138681128 -0.4373024578 1.3487141123 -0.7489872682 -1.1418953719 1.7557596125 -0.8306782643 -0.8529275561 0.4123877847 -0.872217096 -1.0167570537 -1.0239775395 0.2696540231 1.6259101396 0.889243715 0.7645359697 -0.1285704012 -0.7396276038 -1.0609971852
GENE52 1 0 1 1 0 1 0 0 0 0 0 0 0 1 1 1 1 0 0 0 1.2378729409 0.6180790377 -0.435903252 1.3379125401 -0.7562870067 -1.1346194267 1.7479513112 -0.8380597018 -0.868221243 0.3963408 -0.8897181527 -1.0325193811 -1.0344744278 0.2540483739 1.6095120773 0.8678899651 0.7766506081 -0.1338869544 -0.7466850883 -1.0759628381
GENE53 1 0 1 1 0 1 0 0 0 0 0 0 0 1 1 1 1 0 0 0 1.2389634062 0.6156574523 -0.4294020518 1.3375091268 -0.7405989685 -1.138167302 1.7561130213 -0.819584879 -0.8495691338 0.4182501069 -0.8735254177 -1.0327262651 -1.0197204567 0.264107775 1.624305593 0.8769548763 0.7686966718 -0.1497819128 -0.7480241864 -1.0696427623
GENE54 1 0 1 1 0 1 0 0 0 0 0 0 0 1 1 1 1 0 0 0 1.2376021056 0.6228688082 -0.44542555 1.3476822613 -0.7555428256 -1.1292812316 1.735740016 -0.8194947105 -0.853173135 0.3922682806 -0.8629411434 -1.018463761 -1.0195342757 0.258484531 1.6264431702 0.870892304 0.7708878982 -0.1252619353 -0.7381366728 -1.0746935866
GENE55 1 0 1 1 0 1 0 0 0 0 0 0 0 1 1 1 1 0 0 0 1.2447828191 0.6196161295 -0.4398776103 1.3416840706 -0.7585536534 -1.1353485166 1.7318879576 -0.8436379752 -0.8695966345 0.411107395 -0.8655441721 -1.0115634964 -1.0210631125 0.2481956354 1.6148366474 0.8841295971 0.7701937365 -0.1301876059 -0.7653206733 -1.0595793596
GENE56 1 0 1 1 0 1 0 0 0 0 0 0 0 1 1 1 1 0 0 0 1.2276192742 0.5996190698 -0.4351033129 1.3463304754 -0.7539087995 -1.1218080623 1.7446123526 -0.8270873297 -0.8605986942 0.4205124738 -0.8619218746 -1.0367737182 -1.0216669648 0.2516267467 1.6203285947 0.8887175261 0.7750473851 -0.1202133525 -0.7563853773 -1.0464241736
GENE57 1 0 1 1 0 1 0 0 0 0 0 0 0 1 1 1 1 0 0 0 1.2509641897 0.6178242896 -0.4352431433 1.3646856667 -0.7468054725 -1.137994601 1.7475850872 -0.8244175993 -0.8783902573 0.4103548645 -0.8765659247 -1.0175508359 -1.0292650269 0.2510093978 1.614748132 0.8824223772 0.772461714 -0.1388780702 -0.749403338 -1.0474123289
GENE58 1 0 1 1 0 1 0 0 0 0 0 0 0 1 1 1 1 0 0 0 1.2403894679 0.6107907465 -0.4348359259 1.3455035255 -0.7490231879 -1.1355696454 1.7452925485 -0.8349668869 -0.8725910361 0.4179474147 -0.8668981161 -1.0254506388 -1.0356220781 0.2548135064 1.6404221377 0.8808228784 0.7467331939 -0.1166911081 -0.7459520685 -1.0653626077
GENE59 1 0 1 1 0 1 0 0 0 0 0 0 0 1 1 1 1 0 0 0 1.2284934597 0.5993598997 -0.4410042592 1.342021278 -0.726977552 -1.1345541751 1.7331632058 -0.8334905635 -0.8791266426 0.4067661956 -0.8745546551 -1.0145060048 -1.0145805323 0.2569203969 1.6268921979 0.8764096144 0.7721559219 -0.1271559953 -0.7459154574 -1.0694422723
GENE60 0 1 1 1 1 0 0 1 0 0 1 0 1 0 1 0 1 1 1 0 0.4232371096 1.2441578537 0.2918684394 -0.2976349012 0.6161343382 -1.5103304334 0.8255179879 1.1444828507 1.41239704 0.1718578163 -0.9699559826 -1.3717962336 0.9037825974 -0.3898208805 -0.0545114406 0.1174160197 -1.0211446006 -1.5321859725 1.2518397946 -1.2893838894
GENE61 0 1 1 1 1 0 0 1 0 0 1 0 1 0 1 0 1 1 1 0 0.4322624874 1.2586559215 0.2965221017 -0.3070557453 0.651686801 -1.5019654308 0.8174292811 1.1534406597 1.4222333687 0.1705559289 -0.9674146328 -1.3749324784 0.8986721995 -0.3775815825 -0.0811984865 0.1470261595 -1.0400366844 -1.529866356 1.2365886946 -1.2675199223
GENE62 0 1 1 1 1 0 0 1 0 0 1 0 1 0 1 0 1 1 1 0 0.4284004201 1.2405687299 0.2981711612 -0.2874689678 0.6192787296 -1.4947555626 0.8134838739 1.1683237562 1.428810521 0.1551526464 -0.9802999648 -1.3741936269 0.9289045796 -0.3905305145 -0.105068326 0.1233780319 -1.0134119295 -1.5364206009 1.2350948453 -1.2900012794
GENE63 0 1 1 1 1 0 0 1 0 0 1 0 1 0 1 0 1 1 1 0 0.4320474927 1.2441373627 0.285855539 -0.2890260912 0.63515921 -1.504547515 0.827994772 1.1452270108 1.4194971721 0.179208125 -0.9917537464 -1.3712287663 0.9020547756 -0.3700282305 -0.0893408399 0.1401623659 -1.0287713598 -1.5370916811 1.2394080208 -1.2803004409
GENE64 0 1 1 1 1 0 0 1 0 0 1 0 1 0 1 0 1 1 1 0 0.4142772917 1.2407194102 0.2959678472 -0.3066556811 0.65747691 -1.4959649067 0.8267287756 1.1752135334 1.4143860047 0.1792146024 -0.9587059699 -1.3733935555 0.9023745345 -0.3718040926 -0.0862803563 0.1390908973 -1.0305898162 -1.5263448597 1.2352015665 -1.2789882436
GENE65 0 1 1 1 1 0 0 1 0 0 1 0 1 0 1 0 1 1 1 0 0.4179539597 1.2395847174 0.3083157616 -0.2908774905 0.6509175772 -1.4905818018 0.8104845776 1.1418800538 1.4256309148 0.1873208166 -0.9846143407 -1.3551114823 0.9085195295 -0.37906592 -0.0738198307 0.1426148416 -1.0353755395 -1.5383046574 1.2412063579 -1.2631889278
GENE66 0 1 1 1 1 0 0 1 0 0 1 0 1 0 1 0 1 1 1 0 0.424865639 1.2434750782 0.3055340634 -0.2899408707 0.6344189493 -1.4951735642 0.8134932977 1.1577625838 1.4253439522 0.1820305282 -0.9880731613 -1.3615795466 0.9058533472 -0.3830289112 -0.0787003321 0.1214186845 -1.0125040767 -1.5327939286 1.2299144928 -1.2712095372
GENE67 0 1 1 1 1 0 0 1 0 0 1 0 1 0 1 0 1 1 1 0 0.4173300933 1.2423129949 0.2994436699 -0.3048600995 0.6471063044 -1.4969420179 0.8022084554 1.160903935 1.4082956344 0.1622525498 -0.9762678544 -1.3519630807 0.8775662597 -0.3726348548 -0.0562299426 0.1268431269 -1.0108453163 -1.5276350969 1.2319997892 -1.2773257566
GENE68 0 1 1 1 1 0 0 1 0 0 1 0 1 0 1 0 1 1 1 0 0.4369244587 1.245842106 0.2959833631 -0.2810115942 0.649609725 -1.4990382672 0.8260193989 1.1499741547 1.4128941264 0.1720438298 -0.9560584635 -1.3638282924 0.9108685413 -0.3945990346 -0.0793989758 0.1332675491 -1.0228565661 -1.5281733208 1.2455969064 -1.2666546528
GENE69 0 1 1 1 1 0 0 1 0 0 1 0 1 0 1 0 1 1 1 0 0.4388249574 1.2525785637 0.3144096485 -0.3006068355 0.6402022655 -1.5032625583 0.807795172 1.1490643858 1.413111197 0.1782434098 -0.9793506606 -1.3696723325 0.9144812751 -0.390243873 -0.0819840358 0.1478220765 -1.0174503961 -1.5486377002 1.2282395742 -1.2623177174
GENE70 1 0 1 1 1 1 0 1 0 0 0 1 1 1 1 0 1 1 0 1 1.5509063213 0.890344447 0.160232115 1.1443403383 -0.9847955785 1.7287507296 -1.359247393 -0.6078707417 0.4975843983 -0.5581581481 1.5222622837 -0.3706973785 -0.1938841369 -0.6908883443 -1.3491452266 -0.9044222625 0.0337601399 -0.1945030673 -1.1274710074 0.8727343741
GENE71 1 0 1 1 1 1 0 1 0 0 0 1 1 1 1 0 1 1 0 1 1.5492317044 0.8916892467 0.1589972092 1.1313437781 -0.9697605264 1.7194383137 -1.3630653017 -0.6016227564 0.5033506799 -0.5516274906 1.5000745969 -0.3515613855 -0.1792273618 -0.6936868726 -1.398271852 -0.9013832936 0.0508634687 -0.196526739 -1.1361125496 0.8667228718
GENE72 1 0 1 1 1 1 0 1 0 0 0 1 1 1 1 0 1 1 0 1 1.5479710581 0.8763324734 0.1598786157 1.1337311711 -0.9840353988 1.746373825 -1.3560805059 -0.6024593664 0.4819246001 -0.5636564292 1.5222516138 -0.3561804845 -0.1974754874 -0.6951319257 -1.3799446777 -0.9017003384 0.0427843307 -0.1768559661 -1.1265815363 0.8644493453
GENE73 1 0 1 1 1 1 0 1 0 0 0 1 1 1 1 0 1 1 0 1 1.5549993311 0.8757664205 0.1435060022 1.1376204094 -0.9925364875 1.7226840511 -1.3631079271 -0.5974840139 0.5009401697 -0.5584307696 1.5045709145 -0.3473996711 -0.1997941666 -0.6789028089 -1.376099454 -0.8983202428 0.0080225112 -0.1898196813 -1.1205081382 0.8787533807
GENE74 1 0 1 1 1 1 0 1 0 0 0 1 1 1 1 0 1 1 0 1 1.559806019 0.8741303557 0.1558148778 1.1296750405 -0.9710681601 1.7295232727 -1.361424279 -0.605741467 0.4793786457 -0.5609099485 1.5196536492 -0.3560564866 -0.1950244751 -0.691165937 -1.3594807231 -0.9009331029 0.0276882775 -0.1879609427 -1.1074708904 0.8882051705
GENE75 1 0 1 1 1 1 0 1 0 0 0 1 1 1 1 0 1 1 0 1 1.5408386843 0.8880341239 0.150140512 1.1412865276 -0.9694459295 1.7321080776 -1.3896007182 -0.6133108971 0.4988655505 -0.5522392007 1.5144804158 -0.3535057427 -0.1927000114 -0.7108601006 -1.3814917859 -0.9219957154 0.0213735298 -0.1903957265 -1.1055447064 0.8712095071
GENE76 1 0 1 1 1 1 0 1 0 0 0 1 1 1 1 0 1 1 0 1 1.5679782265 0.8888311786 0.1502628013 1.1377016184 -0.9805747507 1.7464712211 -1.3686669493 -0.6132301692 0.480855826 -0.5699818803 1.5261913233 -0.3332181074 -0.1839785753 -0.679476751 -1.3665327981 -0.9052674667 0.0311379096 -0.1827908321 -1.1355134278 0.8807409966
GENE77 1 0 1 1 1 1 0 1 0 0 0 1 1 1 1 0 1 1 0 1 1.5375900395 0.8695929783 0.1543512808 1.1459774284 -0.9860544732 1.7410542038 -1.3560276222 -0.6213693632 0.4889344769 -0.541511501 1.5237152177 -0.3470698191 -0.1925903675 -0.6989896207 -1.3800689925 -0.9165525513 0.0191155236 -0.1809298083 -1.1234236424 0.8657698793
GENE78 1 0 1 1 1 1 0 1 0 0 0 1 1 1 1 0 1 1 0 1 1.5528091142 0.8743213255 0.154977294 1.1201117947 -0.9825574009 1.7318834154 -1.3837780973 -0.6062526433 0.5003570387 -0.5559685842 1.5167061593 -0.3575966553 -0.1965765159 -0.6832164929 -1.398475134 -0.9124782588 0.0343429878 -0.197379227 -1.1073857378 0.8798711246
GENE79 1 0 1 1 1 1 0 1 0 0 0 1 1 1 1 0 1 1 0 1 1.5544369949 0.8870118394 0.162966522 1.1339057418 -0.9963510812 1.7266333451 -1.3924009029 -0.6081819182 0.4879727183 -0.5789152558 1.5204384347 -0.3574542129 -0.1871957241 -0.7011531079 -1.3704477035 -0.9015033452 0.0284534935 -0.1810947866 -1.1274860861 0.8727868982
GENE80 0 1 1 0 0 1 0 1 1 1 0 1 1 0 1 1 0 1 0 1 0.0371603194 -1.2139296125 0.7245683338 1.6469014051 1.6293469389 -0.4629469391 0.5454589529 -0.8488165814 1.6310419996 -0.9040406243 -0.3556731276 -0.51401096 -0.9367258969 -0.5389147744 -0.9635137853 0.8417154074 -0.2732880882 -0.7750552968 -0.8897914999 1.53851734
GENE81 0 1 1 0 0 1 0 1 1 1 0 1 1 0 1 1 0 1 0 1 0.0278298227 -1.1999682365 0.7238935874 1.6373751998 1.6339948787 -0.4747605259 0.5730364366 -0.8666112583 1.6314564295 -0.9354034471 -0.3385427576 -0.5140057389 -0.9281774098 -0.5478318322 -0.9612419319 0.84228894 -0.2919264732 -0.7775129416 -0.8910009138 1.5133313312
GENE82 0 1 1 0 0 1 0 1 1 1 0 1 1 0 1 1 0 1 0 1 0.0361052099 -1.2088243899 0.7089693461 1.6345570408 1.645302562 -0.467667422 0.587541416 -0.861701777 1.6428542304 -0.9122541343 -0.3408467005 -0.5025807312 -0.9177895027 -0.5271081269 -0.9635557312 0.8380389159 -0.2716804618 -0.7615367125 -0.8899772761 1.5226112973
GENE83 0 1 1 0 0 1 0 1 1 1 0 1 1 0 1 1 0 1 0 1 0.0353559379 -1.1896051986 0.7141346184 1.626357275 1.6350281156 -0.4659544304 0.552844086 -0.8441413375 1.6505895212 -0.9128042289 -0.3735277877 -0.5049298277 -0.929312023 -0.5388424347 -0.9624693411 0.8336534259 -0.263163609 -0.7483027115 -0.890157681 1.5127087235
GENE84 0 1 1 0 0 1 0 1 1 1 0 1 1 0 1 1 0 1 0 1 0.0315709588 -1.1832150625 0.7236755915 1.6479687162 1.6531739731 -0.4735713231 0.5759828574 -0.8464253393 1.6360348149 -0.9149105286 -0.357848132 -0.5047802042 -0.9515756237 -0.5510612456 -0.9673799988 0.8476363581 -0.2830799516 -0.7813715054 -0.8853503068 1.5277152066
GENE85 0 1 1 0 0 1 0 1 1 1 0 1 1 0 1 1 0 1 0 1 0.0345339682 -1.1912530514 0.7278100916 1.6430926202 1.6556964472 -0.4674454936 0.5612220909 -0.845375645 1.6435600348 -0.9120043381 -0.355664992 -0.4836038888 -0.9198609399 -0.5289929662 -0.9504640369 0.8298141149 -0.2663070988 -0.7589007619 -0.8869087772 1.5284763791
GENE86 0 1 1 0 0 1 0 1 1 1 0 1 1 0 1 1 0 1 0 1 0.0223227423 -1.1961484755 0.7183441043 1.6548837077 1.6376805549 -0.4592537514 0.5662641424 -0.8382021751 1.6454872183 -0.9255525315 -0.3419488865 -0.4857652069 -0.9187885525 -0.5369194395 -0.9499152432 0.8484086945 -0.2725480194 -0.7723783244 -0.8879905371 1.5157319779
GENE87 0 1 1 0 0 1 0 1 1 1 0 1 1 0 1 1 0 1 0 1 0.0149771464 -1.2095604383 0.7267008773 1.6439269433 1.6424446258 -0.4588449336 0.5849807231 -0.8407035619 1.6332011652 -0.9111601616 -0.3443185935 -0.4976249612 -0.9336239982 -0.5338884969 -0.9418621802 0.8296582015 -0.2684073216 -0.7581719843 -0.8653321671 1.5307056279
GENE88 0 1 1 0 0 1 0 1 1 1 0 1 1 0 1 1 0 1 0 1 0.0411201027 -1.1831696828 0.7237814912 1.6440148022 1.6529612044 -0.4855069388 0.5728481602 -0.8506832418 1.6318647193 -0.9177506654 -0.337408415 -0.5185768601 -0.9437277155 -0.5358806628 -0.9437077071 0.8331393658 -0.2719820384 -0.7711068181 -0.8844008712 1.5310126581
GENE89 0 1 1 0 0 1 0 1 1 1 0 1 1 0 1 1 0 1 0 1 0.0221908117 -1.1851677258 0.7282522493 1.6327108413 1.6438623049 -0.4485504397 0.5612143259 -0.8333501333 1.6429791726 -0.918253259 -0.3472124844 -0.48011166 -0.9310491471 -0.5295894009 -0.950433456 0.8162688109 -0.2689936221 -0.7563668277 -0.8758930436 1.5265613036
GENE90 1 0 0 0 1 0 0 0 0 0 0 0 1 0 1 1 1 1 0 0 -1.3392336103 0.304263263 -1.0913783941 0.4621436735 -0.1890110202 -0.5790702631 0.0371833299 -0.8804910152 -0.9584667493 0.1740076324 -1.3885076638 -1.1350211449 1.7356472673 0.1608827382 -0.7211931767 0.5562836287 1.642175279 1.4851949367 0.9823169298 0.7605949671
GENE91 1 0 0 0 1 0 0 0 0 0 0 0 1 0 1 1 1 1 0 0 -1.343632798 0.3074363172 -1.0977797809 0.4682457996 -0.1989408255 -0.6009442337 0.0466696372 -0.890206001 -0.9782488751 0.1837656386 -1.3877947348 -1.1356059794 1.7109615256 0.163311887 -0.7120739833 0.567770945 1.6411284944 1.4797765696 0.9951461728 0.7711958564
GENE92 1 0 0 0 1 0 0 0 0 0 0 0 1 0 1 1 1 1 0 0 -1.343525129 0.2915399314 -1.0925116999 0.474136654 -0.1989447256 -0.5698681764 0.040266486 -0.8936904947 -0.9787801625 0.1639914128 -1.3860878675 -1.154352652 1.7402335489 0.1729419419 -0.7146069296 0.5598748424 1.6688631076 1.4829349914 0.983937613 0.7664878736
GENE93 1 0 0 0 1 0 0 0 0 0 0 0 1 0 1 1 1 1 0 0 -1.3471606947 0.3092673534 -1.0964912332 0.4732548308 -0.2122528179 -0.5891398569 0.0527866568 -0.8728796848 -0.9532640622 0.169237498 -1.4107554893 -1.1308624993 1.7589384034 0.172442072 -0.7099066298 0.5311323449 1.667914394 1.4837034851 0.9902968405 0.7744228132
GENE94 1 0 0 0 1 0 0 0 0 0 0 0 1 0 1 1 1 1 0 0 -1.338640278 0.3076543808 -1.0942579963 0.4509924012 -0.2101511591 -0.5870500424 0.0391495791 -0.8766176837 -0.9521572491 0.1684289072 -1.3945130373 -1.1299992999 1.7372703762 0.1809831617 -0.7103103068 0.5522821786 1.6527912516 1.498649014 0.9835044383 0.7592005986
GENE95 1 0 0 0 1 0 0 0 0 0 0 0 1 0 1 1 1 1 0 0 -1.3504442105 0.2963478852 -1.0801549867 0.489642855 -0.2037059627 -0.5935787108 0.0381239597 -0.8667826711 -0.9815529825 0.1708114708 -1.40112206 -1.1377715693 1.7461291212 0.1612726293 -0.7152415098 0.545906352 1.6467408051 1.4924139257 0.9833561303 0.762251172
GENE96 1 0 0 0 1 0 0 0 0 0 0 0 1 0 1 1 1 1 0 0 -1.3509475083 0.3015045317 -1.0927554278 0.4653279321 -0.2100476094 -0.5752742307 0.0618833945 -0.8794752209 -0.9623189063 0.1843438249 -1.3859124943 -1.1257702469 1.738148449 0.180790796 -0.7225889723 0.5665386946 1.6431363798 1.4790704734 0.9649790375 0.7695440847
GENE97 1 0 0 0 1 0 0 0 0 0 0 0 1 0 1 1 1 1 0 0 -1.3474191879 0.2936669545 -1.0906425943 0.4616065551 -0.221093897 -0.5803073385 0.0449512662 -0.8827587761 -0.9686644867 0.1628725939 -1.3944113346 -1.1423690092 1.7349528162 0.1830517711 -0.7114904598 0.5569788931 1.6503136727 1.4923104532 0.9793071529 0.7705933127
GENE98 1 0 0 0 1 0 0 0 0 0 0 0 1 0 1 1 1 1 0 0 -1.3465582552 0.3081584122 -1.0971547865 0.4629991882 -0.2253104365 -0.5980092054 0.0579512887 -0.8901262665 -0.9740364823 0.1710818483 -1.4002217775 -1.1284570159 1.7336896743 0.179650596 -0.716229901 0.5472396182 1.662193519 1.4751279958 0.9675363387 0.748283712
GENE99 1 0 0 0 1 0 0 0 0 0 0 0 1 0 1 1 1 1 0 0 -1.3543844307 0.2912591915 -1.1018687533 0.4691220952 -0.2080492023 -0.5968955995 0.0628270119 -0.888201815 -0.9795301577 0.1776539876 -1.3864228672 -1.1443055313 1.7321736385 0.1697453345 -0.7119842791 0.5519332509 1.6660562819 1.4820164725 0.9617345712 0.7636699691
GENE100 1 0 1 1 1 0 1 1 0 0 0 1 1 0 0 1 1 1 1 1 -0.0228163144 0.0571995334 1.7153531748 -1.2900314356 -0.7840447769 -1.1271948351 -1.0058908857 -0.2037888301 1.742673053 -0.328188911 1.7265085239 -0.2409834697 -1.3401915111 0.3778902493 1.0139841855 0.1770663989 0.6422534539 0.2693927542 -1.3140558331 -0.067452246
GENE101 1 0 1 1 1 0 1 1 0 0 0 1 1 0 0 1 1 1 1 1 -0.0299872285 0.0493211637 1.7323373495 -1.2934132941 -0.7439061518 -1.1318153124 -0.9968367274 -0.2186527898 1.758478718 -0.3347184541 1.7068606843 -0.2423394286 -1.3539767328 0.384934927 0.9985078873 0.1599619732 0.6573753757 0.2675584301 -1.3099925892 -0.0446762227
GENE102 1 0 1 1 1 0 1 1 0 0 0 1 1 0 0 1 1 1 1 1 -0.0195368873 0.0631055002 1.7178728904 -1.2797181636 -0.7631990944 -1.1091920429 -1.0031166251 -0.2211613034 1.7500829006 -0.3341305144 1.7127900044 -0.2623617854 -1.3481481591 0.3695477304 1.0130941107 0.1871780829 0.6477013022 0.2586726155 -1.3305901919 -0.0470281471
GENE103 1 0 1 1 1 0 1 1 0 0 0 1 1 0 0 1 1 1 1 1 -0.0235824715 0.0616847046 1.7021476673 -1.2706818624 -0.7584965227 -1.1195674836 -1.001504615 -0.23085547 1.7451254248 -0.3698303767 1.7286770214 -0.2633597059 -1.3600138165 0.3792847731 1.0042365724 0.1875138436 0.6636143546 0.2698851943 -1.3151984014 -0.0555470942
GENE104 1 0 1 1 1 0 1 1 0 0 0 1 1 0 0 1 1 1 1 1 -0.0119841047 0.072132822 1.7183972795 -1.2669465497 -0.7760918734 -1.1230769261 -1.0192299987 -0.2177985606 1.7743704274 -0.3523918396 1.7150246147 -0.2605829095 -1.3635380821 0.3528635447 1.0103345222 0.1860872125 0.6532269281 0.2378947461 -1.3188930234 -0.0503272257
GENE105 1 0 1 1 1 0 1 1 0 0 0 1 1 0 0 1 1 1 1 1 -0.0265047551 0.0794981351 1.7121998096 -1.2829860151 -0.7813046396 -1.1069169868 -1.0201633765 -0.2213127647 1.7495537982 -0.3343815134 1.7215396283 -0.2552024033 -1.3506396555 0.3909004707 1.0170826341 0.176879919 0.6478313616 0.238460549 -1.30967003 -0.0577915821
GENE106 1 0 1 1 1 0 1 1 0 0 0 1 1 0 0 1 1 1 1 1 -0.0211927154 0.0681198006 1.7122039758 -1.2810016793 -0.7548749948 -1.0924974807 -0.9951160718 -0.2110547451 1.7610765884 -0.3424398955 1.7220642365 -0.2560039438 -1.3554267483 0.3809956217 1.0009800825 0.1844412272 0.662373681 0.2518680614 -1.3277842165 -0.0631645302
GENE107 1 0 1 1 1 0 1 1 0 0 0 1 1 0 0 1 1 1 1 1 -0.007457082 0.0697795602 1.7290520287 -1.2779206874 -0.7696958953 -1.1183411815 -0.9978438929 -0.2284657372 1.7650752212 -0.315791843 1.7248981528 -0.260936257 -1.3706271325 0.3819203649 1.0010344334 0.1780026063 0.6421518766 0.2614220111 -1.3160964283 -0.067370158
GENE108 1 0 1 1 1 0 1 1 0 0 0 1 1 0 0 1 1 1 1 1 -0.0238795343 0.0626702935 1.7201467534 -1.2857490546 -0.7535610107 -1.1347841322 -1.0092059845 -0.2018937058 1.7634076537 -0.3420264883 1.7313381682 -0.2618503897 -1.361621239 0.3871915485 1.0012838567 0.1723204554 0.649544256 0.2501772304 -1.319929408 -0.049220434
GENE109 1 0 1 1 1 0 1 1 0 0 0 1 1 0 0 1 1 1 1 1 -0.0090430012 0.0477887854 1.7050503374 -1.2943743695 -0.7547294064 -1.1188932325 -1.0179425784 -0.2183382095 1.7524773921 -0.3442178056 1.7246500872 -0.2716315413 -1.3493924641 0.3679946196 1.0217918883 0.1685689732 0.6557423686 0.2722933894 -1.3377440101 -0.0675352621
GENE110 0 1 1 0 1 0 0 0 1 1 1 1 1 1 0 1 0 1 1 1 0.7708063326 -1.1053859149 0.890096545 1.7756600099 -1.139794067 -0.7996507686 0.0494462037 -0.2327285488 -0.6279684964 1.8970681973 -0.8447920681 -0.4243955223 0.8186856589 1.0623787187 -1.0890497774 -0.2595729126 -1.0951194276 -0.9662328071 0.3899170167 0.9696177458
GENE111 0 1 1 0 1 0 0 0 1 1 1 1 1 1 0 1 0 1 1 1 0.742133909 -1.0934563065 0.893579707 1.7796907684 -1.1311071158 -0.8123567409 0.0272372485 -0.2006694625 -0.6264748352 1.9328982223 -0.8360979702 -0.4253297024 0.8168513779 1.0684374963 -1.1010069608 -0.2506968057 -1.1037665292 -0.9715902137 0.3716311216 0.9889246424
GENE112 0 1 1 0 1 0 0 0 1 1 1 1 1 1 0 1 0 1 1 1 0.7567690374 -1.1068513796 0.8942786883 1.7802459735 -1.1498655725 -0.8055120067 0.0302377779 -0.2022849904 -0.6427788967 1.8999506583 -0.8434424641 -0.4314873521 0.8134917412 1.0545118216 -1.1254725377 -0.2548395702 -1.1227181292 -0.987485536 0.383738469 0.9732959299
GENE113 0 1 1 0 1 0 0 0 1 1 1 1 1 1 0 1 0 1 1 1 0.7625340249 -1.0876673574 0.8879694056 1.7783961519 -1.155390407 -0.8057782771 0.0375317024 -0.2086748376 -0.6570519012 1.9139717118 -0.8451658536 -0.4276277551 0.8212521356 1.0644736358 -1.0943731513 -0.2440868982 -1.110280944 -0.9855332526 0.39269153 0.983452322
GENE114 0 1 1 0 1 0 0 0 1 1 1 1 1 1 0 1 0 1 1 1 0.7638006414 -1.1040008597 0.898078065 1.7787737822 -1.1595626103 -0.7980159672 0.0352265918 -0.1981059751 -0.6294793344 1.9248864886 -0.8403560112 -0.4122813636 0.7913545214 1.0782657039 -1.0914867912 -0.232923359 -1.0992619503 -0.9764703953 0.3773940608 0.9622923267
GENE115 0 1 1 0 1 0 0 0 1 1 1 1 1 1 0 1 0 1 1 1 0.779198946 -1.1175092229 0.8864297357 1.7756516063 -1.139830342 -0.8057601932 0.0520904824 -0.2129036287 -0.6400587031 1.9049701527 -0.8572898918 -0.4018594653 0.813739014 1.0845322626 -1.1223851087 -0.2478609271 -1.0908597709 -0.9734804658 0.3732417394 0.9674475749
GENE116 0 1 1 0 1 0 0 0 1 1 1 1 1 1 0 1 0 1 1 1 0.7687565902 -1.094356596 0.9012133822 1.7688565637 -1.143173952 -0.7972927599 0.0391697673 -0.2179687335 -0.6415115244 1.907319262 -0.8528062255 -0.4270587101 0.7929434838 1.0555564295 -1.0935258586 -0.2260564456 -1.0973114008 -0.9696119161 0.382564365 0.9758065976
GENE117 0 1 1 0 1 0 0 0 1 1 1 1 1 1 0 1 0 1 1 1 0.7579402294 -1.0989185441 0.8816748301 1.7887644979 -1.1317291342 -0.8051011964 0.0205289237 -0.2107902915 -0.6309455602 1.9033866767 -0.8489099818 -0.4356808708 0.8150980787 1.0503948374 -1.1036457175 -0.2642435273 -1.092210624 -0.9601218542 0.3862714973 0.9732976021
GENE118 0 1 1 0 1 0 0 0 1 1 1 1 1 1 0 1 0 1 1 1 0.7468968334 -1.1061030034 0.9024242184 1.7624481047 -1.1619659401 -0.8170666819 0.0529326498 -0.2093035845 -0.6325840405 1.905816161 -0.8513959687 -0.420599408 0.8053022788 1.0616117205 -1.1066165623 -0.2498499239 -1.0823858793 -0.9765666165 0.406170244 0.9567883891
GENE119 0 1 1 0 1 0 0 0 1 1 1 1 1 1 0 1 0 1 1 1 0.7475316268 -1.0773202533 0.892620379 1.7876820969 -1.1487564972 -0.8064572801 0.0258663108 -0.1953763738 -0.6352782124 1.9028557774 -0.8538642079 -0.4144979063 0.7829244588 1.0582815889 -1.0892837086 -0.2695603252 -1.0918516588 -0.9648850878 0.3661235301 0.9896576402
GENE120 1 1 1 0 1 0 1 1 1 1 1 0 0 1 0 1 1 1 0 1 -0.4845601528 0.9792795891 0.5453111225 -1.1350957832 0.0014976241 -1.3905075043 0.0140467064 1.488803154 -0.0157348888 -0.2721367437 -1.6294861051 0.9624915736 0.9949920179 -0.250117342 0.0943777505 -0.9126038529 0.7816319845 -0.421427737 -1.2921935914 2.0127680847
GENE121 1 1 1 0 1 0 1 1 1 1 1 0 0 1 0 1 1 1 0 1 -0.464628699 0.9683669165 0.5275558799 -1.1479244359 -0.0078758912 -1.3887823106 0.0019778418 1.4907852864 0.0190039777 -0.2994145269 -1.6316879277 0.9609567308 1.0052187457 -0.2515935606 0.0997614028 -0.9275157091 0.7700373105 -0.4420665188 -1.316611255 2.0128545001
GENE122 1 1 1 0 1 0 1 1 1 1 1 0 0 1 0 1 1 1 0 1 -0.4900242919 0.9547064726 0.5302742299 -1.1508249053 -0.0088412131 -1.3930929011 0.0220751174 1.4848467517 -0.0096945797 -0.2770699953 -1.6358906672 0.9768730975 1.0030416429 -0.2455450529 0.1020714953 -0.9083503469 0.7513870475 -0.4457404701 -1.2877810305 2.007691369
GENE123 1 1 1 0 1 0 1 1 1 1 1 0 0 1 0 1 1 1 0 1 -0.4725952205 0.9450694091 0.5119427813 -1.1618648433 -0.0290247738 -1.3953673595 -0.0063298405 1.4844541828 -0.0074163468 -0.2783030374 -1.6265963073 0.9638284298 0.9956237216 -0.2537204373 0.0976145289 -0.9088475652 0.7762637441 -0.4224319143 -1.2917744614 2.0236898511
GENE124 1 1 1 0 1 0 1 1 1 1 1 0 0 1 0 1 1 1 0 1 -0.484927858 0.9575739445 0.5265757355 -1.1580192008 0.0137742343 -1.4030510421 0.0100588898 1.5015816784 -2.29E-004 -0.2885939475 -1.6102481616 0.9528536874 1.0228233125 -0.2405643617 0.098706358 -0.9056183684 0.7547445428 -0.4298275312 -1.2978660027 2.0260470698
GENE125 1 1 1 0 1 0 1 1 1 1 1 0 0 1 0 1 1 1 0 1 -0.4688030509 0.9559998828 0.5195842867 -1.1413014028 -0.0086904744 -1.3841412575 -0.0042391408 1.4912923029 0.0025808091 -0.2709820429 -1.6257062619 0.9628587833 1.0066829012 -0.2365754561 0.0875481105 -0.9013808336 0.7682831599 -0.4231532994 -1.302229792 2.0141142859
GENE126 1 1 1 0 1 0 1 1 1 1 1 0 0 1 0 1 1 1 0 1 -0.4939762373 0.9543791641 0.5273241744 -1.144427727 -0.0054233713 -1.4048278901 -0.0271959562 1.4895045765 -0.0176275035 -0.2634076736 -1.6179793403 0.946626253 1.0111821074 -0.2389136816 0.1076788255 -0.9239506789 0.7780538421 -0.4361154214 -1.2935407242 2.0211019295
GENE127 1 1 1 0 1 0 1 1 1 1 1 0 0 1 0 1 1 1 0 1 -0.4942958732 0.9465813407 0.5404641357 -1.1511552279 0.0110706828 -1.4152319285 7.07E-004 1.4704833895 -0.0042434485 -0.2867177904 -1.633269546 0.9574835459 1.0092473794 -0.2456156176 0.1014300623 -0.908685631 0.7788225916 -0.4202808916 -1.2808319165 2.0135726055
GENE128 1 1 1 0 1 0 1 1 1 1 1 0 0 1 0 1 1 1 0 1 -0.4683451887 0.9762748562 0.5266605338 -1.156425872 -0.0105701782 -1.3899961451 0.0051404837 1.478663716 0.0026363269 -0.2851503972 -1.630035838 0.9411501457 0.9965062877 -0.2446110978 0.1029522671 -0.9018405837 0.7652916364 -0.4186172479 -1.2794479285 2.0258783586
GENE129 1 1 1 0 1 0 1 1 1 1 1 0 0 1 0 1 1 1 0 1 -0.4826872518 0.9507100908 0.5231718577 -1.1363597506 0.0069985807 -1.3972525411 -0.0029368948 1.4843475871 0.0104286844 -0.2863921665 -1.6247104753 0.9740997129 1.0150118491 -0.2418127347 0.0999376719 -0.897595735 0.7709450343 -0.4528993055 -1.282751527 2.0214107552
GENE130 0 0 1 0 0 0 0 1 1 0 0 0 0 0 0 1 0 0 0 0 -0.7086847521 0.8572801154 -0.5301755709 0.4362970322 -0.7560118388 -1.1454879218 -1.1357542673 -0.6078001839 1.0989139416 -0.9193872469 1.6446627009 1.4768252037 0.3027251745 -0.0630668336 -0.2590413368 1.5158094045 -1.1880269325 1.2348700422 -1.2095856158 -0.0681395677
GENE131 0 0 1 0 0 0 0 1 1 0 0 0 0 0 0 1 0 0 0 0 -0.7329044486 0.8553211002 -0.5368865926 0.4396868586 -0.756230253 -1.1303468527 -1.1418791541 -0.6028198797 1.0934029586 -0.9090292814 1.6292483475 1.4811104996 0.2858860088 -0.0624842437 -0.2547053274 1.5130511197 -1.169633192 1.2519986805 -1.2202469087 -0.070130096
GENE132 0 0 1 0 0 0 0 1 1 0 0 0 0 0 0 1 0 0 0 0 -0.7130803684 0.8648330518 -0.5413648598 0.4294927122 -0.7756202571 -1.130583424 -1.1447344767 -0.5859906729 1.0901025017 -0.9103710819 1.6408609383 1.482018837 0.2682028742 -0.0548075863 -0.2497198393 1.5105815867 -1.1716057143 1.2417636898 -1.2175271794 -0.0452386533
GENE133 0 0 1 0 0 0 0 1 1 0 0 0 0 0 0 1 0 0 0 0 -0.7170939532 0.8784968137 -0.5230055011 0.4382163884 -0.7580768949 -1.1280549656 -1.1540483887 -0.610331857 1.0973999987 -0.9044747233 1.6406754685 1.4776297058 0.2963045601 -0.0582784967 -0.2383700216 1.5209422001 -1.1613564369 1.250142386 -1.20556336 -0.0674149716
GENE134 0 0 1 0 0 0 0 1 1 0 0 0 0 0 0 1 0 0 0 0 -0.6936194273 0.8689863405 -0.5366306148 0.4170960913 -0.7456176911 -1.1314083332 -1.1298042926 -0.5971994726 1.0904053494 -0.9144428738 1.6197841797 1.4804541863 0.2690280198 -0.0473462952 -0.2551278808 1.5175894725 -1.1953173728 1.2315088424 -1.2066189592 -0.0368131052
GENE135 0 0 1 0 0 0 0 1 1 0 0 0 0 0 0 1 0 0 0 0 -0.7051423082 0.8535114952 -0.5251787079 0.4275525267 -0.7596119133 -1.1359510361 -1.1205146224 -0.5968631793 1.1003762691 -0.9225477605 1.6246651524 1.4697674584 0.2566593625 -0.0523126462 -0.2482861032 1.5218087492 -1.1791750921 1.2377619496 -1.2169330632 -0.0453192842
GENE136 0 0 1 0 0 0 0 1 1 0 0 0 0 0 0 1 0 0 0 0 -0.7270554858 0.8655644144 -0.5050716744 0.4363244403 -0.7520935201 -1.1434671954 -1.1251458999 -0.6032365561 1.1088500682 -0.9030417601 1.6158936013 1.4885156643 0.2854309512 -0.0726429072 -0.2535474977 1.5174011502 -1.1820707926 1.2592817127 -1.215780556 -0.0487117176
GENE137 0 0 1 0 0 0 0 1 1 0 0 0 0 0 0 1 0 0 0 0 -0.7043742838 0.8478166233 -0.5253426168 0.4400518951 -0.7659765686 -1.1470037006 -1.1320642233 -0.6092335243 1.1039967659 -0.8929116614 1.6314315678 1.4812875159 0.2956197129 -0.0598937931 -0.2601661188 1.5137480949 -1.1870864926 1.2394595999 -1.2004782007 -0.063146937
GENE138 0 0 1 0 0 0 0 1 1 0 0 0 0 0 0 1 0 0 0 0 -0.701508737 0.8629864754 -0.5153653614 0.4366249286 -0.7438790343 -1.1389930839 -1.1188196735 -0.5831489476 1.0878538003 -0.8965222976 1.6270236314 1.474497144 0.295570566 -0.0470437177 -0.2521985678 1.5110994136 -1.16690032 1.2712412836 -1.2286296591 -0.0552802494
GENE139 0 0 1 0 0 0 0 1 1 0 0 0 0 0 0 1 0 0 0 0 -0.7082418247 0.8659047907 -0.5258737424 0.4389488718 -0.7626121814 -1.1309311253 -1.1372996295 -0.6138707542 1.0753628994 -0.9127272062 1.6210513665 1.4721682529 0.2854349147 -0.0575863765 -0.2597943568 1.5008512835 -1.1901729656 1.2330057196 -1.2121025859 -0.0613852173
GENE140 0 1 0 0 0 0 0 0 1 0 1 1 0 1 0 0 0 1 1 1 -0.6166743841 0.1712716072 0.9739908066 -1.1573499486 0.1650381373 -0.266298978 0.7285574299 -0.7487940621 1.6896188568 -1.4529499 -1.0115544416 1.6465242137 -1.201570406 -0.6239940724 -0.0014398443 0.0903644785 -1.193245438 0.2651397471 1.1721623811 1.3141445828
GENE141 0 1 0 0 0 0 0 0 1 0 1 1 0 1 0 0 0 1 1 1 -0.6063713625 0.1761654828 0.9697660778 -1.1407275517 0.1733704938 -0.2930746345 0.7278183692 -0.7730574116 1.6786816364 -1.4436682798 -1.0314007282 1.6522322415 -1.1922429019 -0.6394265674 -0.0016512689 0.0977662423 -1.1761085666 0.2620553154 1.1867936337 1.3252827528
GENE142 0 1 0 0 0 0 0 0 1 0 1 1 0 1 0 0 0 1 1 1 -0.6146830105 0.167959625 1.0004429986 -1.1273603888 0.177223697 -0.2872473334 0.7376267854 -0.7671226675 1.7036369363 -1.4504650503 -1.025157614 1.6588267241 -1.1764113584 -0.6396919171 -0.0067811839 0.0887096625 -1.1874724507 0.2574162276 1.1819104562 1.3141645459
GENE143 0 1 0 0 0 0 0 0 1 0 1 1 0 1 0 0 0 1 1 1 -0.6179837494 0.1860390908 0.9742061062 -1.1453480017 0.1646679365 -0.297865511 0.7221227822 -0.7623714387 1.695634655 -1.435545204 -1.0237957409 1.6671924759 -1.1762262095 -0.63329399 -0.0014975565 0.1006411531 -1.1717859938 0.2717098879 1.1748733202 1.3168936647
GENE144 0 1 0 0 0 0 0 0 1 0 1 1 0 1 0 0 0 1 1 1 -0.6371693987 0.1704243249 0.9877598616 -1.1371315325 0.176558691 -0.291282368 0.73066153 -0.7488578564 1.7097270557 -1.4506644441 -1.0113468499 1.671234244 -1.1847813042 -0.6354108832 0.0076729824 0.099453578 -1.2018793523 0.2685292073 1.2098060137 1.3238664524
GENE145 0 1 0 0 0 0 0 0 1 0 1 1 0 1 0 0 0 1 1 1 -0.6260089063 0.1673505085 0.9892704433 -1.1393291164 0.1879919196 -0.2962846007 0.7161271787 -0.746253005 1.7104727998 -1.4447503834 -1.0173128782 1.62915247 -1.1665608483 -0.6309686101 0.0088155137 0.1111650801 -1.1862913478 0.2633869318 1.1786300691 1.3396269239
GENE146 0 1 0 0 0 0 0 0 1 0 1 1 0 1 0 0 0 1 1 1 -0.6448371828 0.1643559967 0.9851156876 -1.1379907776 0.1678795119 -0.2993878 0.7223008443 -0.7596992538 1.6930543446 -1.431034375 -0.9954904299 1.6638194281 -1.1791583782 -0.6332425848 0.0039481124 0.1042092543 -1.1806380691 0.274666793 1.1873836701 1.3136971902
GENE147 0 1 0 0 0 0 0 0 1 0 1 1 0 1 0 0 0 1 1 1 -0.6377974978 0.1819984693 0.9790047149 -1.1256338967 0.166511242 -0.2958344015 0.7342312633 -0.7422746508 1.707931273 -1.4279734381 -1.0137257197 1.6664785573 -1.1856172507 -0.6274746038 -0.0196562001 0.0786201812 -1.187743267 0.258243345 1.1751542462 1.324741107
GENE148 0 1 0 0 0 0 0 0 1 0 1 1 0 1 0 0 0 1 1 1 -0.6322522023 0.1905094764 0.9959814943 -1.1318861193 0.1690531265 -0.281878415 0.7256477213 -0.7602888346 1.6909038458 -1.4185096684 -1.0227094961 1.6474750286 -1.1800972904 -0.6319474895 -0.0092760958 0.0896548183 -1.1659906876 0.2549126586 1.1947898682 1.3136262333
GENE149 0 1 0 0 0 0 0 0 1 0 1 1 0 1 0 0 0 1 1 1 -0.6419179809 0.1750552048 0.9796975077 -1.1441535595 0.1782003951 -0.2880159931 0.7306850941 -0.736200495 1.6955926207 -1.4438165623 -0.994153353 1.6506096427 -1.1743928389 -0.6316607037 0.004932481 0.0836944532 -1.1811210036 0.2537424457 1.1735822551 1.299995225
GENE150 0 1 0 1 0 1 0 0 0 0 0 0 1 0 1 1 1 1 1 0 0.2923253054 -1.28200984 1.3474578648 -0.5587882544 -0.7371313751 -0.6963016569 0.1525327951 -0.8331628389 1.1264213052 -0.7773079648 -0.8962113775 0.695299926 0.9751911495 1.3295985851 -1.5289965929 -1.1564320481 -0.521138228 0.6822874087 0.7388618975 1.576394184
GENE151 0 1 0 1 0 1 0 0 0 0 0 0 1 0 1 1 1 1 1 0 0.3013537296 -1.2851080574 1.3386748256 -0.5514122922 -0.736507783 -0.6895937323 0.15036217 -0.8458952846 1.1309631214 -0.7779029412 -0.8968352758 0.6949693411 0.9830960554 1.3361234915 -1.4997605507 -1.1563496879 -0.5236855362 0.703866169 0.7444703392 1.5645678279
GENE152 0 1 0 1 0 1 0 0 0 0 0 0 1 0 1 1 1 1 1 0 0.2916408462 -1.277229819 1.3436778157 -0.5623421274 -0.7178648015 -0.691046848 0.1479827366 -0.8364308979 1.1387132183 -0.7699682183 -0.8861831518 0.7038038843 0.9725846641 1.325585473 -1.5364071197 -1.160478114 -0.5285096994 0.7053205544 0.7498610296 1.5927043649
GENE153 0 1 0 1 0 1 0 0 0 0 0 0 1 0 1 1 1 1 1 0 0.3094428822 -1.2931098172 1.3293230437 -0.562671199 -0.7172650321 -0.6860393608 0.1452727695 -0.8496358542 1.1416876029 -0.7608743458 -0.8923554223 0.6999902953 0.9952655285 1.3392280638 -1.5212572728 -1.1660634693 -0.5122466404 0.7081213467 0.7393202108 1.5769807345
GENE154 0 1 0 1 0 1 0 0 0 0 0 0 1 0 1 1 1 1 1 0 0.2987611179 -1.2734264882 1.33233722 -0.5665992309 -0.7110418062 -0.6931146215 0.1488852156 -0.8522342113 1.1431225786 -0.7768042773 -0.8859367552 0.7010800654 0.9784301889 1.3557865924 -1.5262595656 -1.1636663074 -0.5264458566 0.7206971387 0.7509503137 1.5892719605
GENE155 0 1 0 1 0 1 0 0 0 0 0 0 1 0 1 1 1 1 1 0 0.3126108398 -1.2830370841 1.3411378961 -0.5669957381 -0.7249731982 -0.6881986831 0.1458214008 -0.8375627678 1.1285809602 -0.7715659634 -0.8753939603 0.6849609797 0.9855250386 1.350280275 -1.5285580652 -1.1514750329 -0.5237626508 0.6953897234 0.7280073099 1.5741334069
GENE156 0 1 0 1 0 1 0 0 0 0 0 0 1 0 1 1 1 1 1 0 0.3055309273 -1.2672715889 1.3335075752 -0.5767073529 -0.7384806227 -0.6780603127 0.1509727462 -0.845316094 1.1375149407 -0.7604676264 -0.8672942986 0.7026255624 0.9904586313 1.3381728643 -1.5076924347 -1.1578186534 -0.5155580122 0.6946034831 0.7551205564 1.5740011189
GENE157 0 1 0 1 0 1 0 0 0 0 0 0 1 0 1 1 1 1 1 0 0.2921492939 -1.2658605035 1.3323948915 -0.5708887956 -0.7224730764 -0.7023679511 0.15865639 -0.8540620714 1.1134215348 -0.7656005724 -0.9017067669 0.7058396952 0.9919424632 1.3461424229 -1.5319866154 -1.1621671939 -0.5329837248 0.6946695999 0.7288787708 1.5816521205
GENE158 0 1 0 1 0 1 0 0 0 0 0 0 1 0 1 1 1 1 1 0 0.3098061281 -1.2861041028 1.349805657 -0.5508331661 -0.7161015814 -0.6832468612 0.1547826061 -0.8413444536 1.13117414 -0.7679484005 -0.8816079403 0.7079068052 0.9712539791 1.3325756579 -1.5242212139 -1.1592101977 -0.5390741086 0.6808352868 0.74683607 1.5805055912
GENE159 0 1 0 1 0 1 0 0 0 0 0 0 1 0 1 1 1 1 1 0 0.3076289756 -1.2829109915 1.3404558754 -0.5847274319 -0.7377988801 -0.6863177079 0.1451164363 -0.8311986045 1.144775974 -0.7746015939 -0.8773542608 0.6945860654 0.9757146356 1.3293787189 -1.5253760172 -1.1676028704 -0.5209109574 0.6978602564 0.7394469559 1.585489911
GENE160 1 0 0 0 0 0 0 0 1 0 0 0 1 1 1 0 0 1 0 0 0.0915484881 -1.3113402228 -0.7777138404 0.6602168637 -1.4811859938 -0.7733571028 0.02266367 0.3561044934 1.4553930201 -0.9601851805 -1.4347679666 -0.3753749939 -0.295883467 0.5549325291 0.8594824458 0.7361088839 1.6306710251 -0.9049959172 1.6765796334 0.3112530079
GENE161 1 0 0 0 0 0 0 0 1 0 0 0 1 1 1 0 0 1 0 0 0.0697795804 -1.309946395 -0.7787982359 0.6356188605 -1.492016245 -0.7728884249 0.0282002928 0.3473397021 1.4511010465 -0.9635686883 -1.4416462189 -0.3603092417 -0.2793898306 0.5603898528 0.8803914848 0.7189887555 1.6349639799 -0.9034488016 1.6569979385 0.2969530245
GENE162 1 0 0 0 0 0 0 0 1 0 0 0 1 1 1 0 0 1 0 0 0.0910662494 -1.2999733736 -0.7868232954 0.6355029273 -1.4857174372 -0.7796729099 0.0249187175 0.3346538533 1.4509162377 -0.9511235727 -1.4439850182 -0.3729389451 -0.2751752455 0.5570706332 0.866054314 0.7192685633 1.614970641 -0.9019403504 1.6783301017 0.2901985122
GENE163 1 0 0 0 0 0 0 0 1 0 0 0 1 1 1 0 0 1 0 0 0.0645552391 -1.3067988282 -0.775906495 0.6435947055 -1.4962314371 -0.7809955307 0.0258230326 0.3300576716 1.4588236833 -0.9580759188 -1.4719059699 -0.3742772201 -0.2751554689 0.5525386801 0.883832249 0.7442539298 1.6356246673 -0.9183118661 1.6860478331 0.2950494757
GENE164 1 0 0 0 0 0 0 0 1 0 0 0 1 1 1 0 0 1 0 0 0.0742922493 -1.3022695 -0.7801775082 0.6477571164 -1.4909895743 -0.7600813157 0.0337548461 0.3323157839 1.463044073 -0.9614192363 -1.4513314061 -0.3678304834 -0.2815208907 0.576112384 0.8646147731 0.7313906412 1.6250385437 -0.9195853124 1.6886092013 0.2897678467
GENE165 1 0 0 0 0 0 0 0 1 0 0 0 1 1 1 0 0 1 0 0 0.0818466347 -1.305844436 -0.7760269334 0.6557988554 -1.4877542623 -0.7712397913 0.0456391721 0.3363289162 1.4574049139 -0.9571433826 -1.4317605005 -0.378662706 -0.2982916641 0.5669644771 0.8801616923 0.7202309284 1.6320426928 -0.920452751 1.6769596459 0.3009967451
GENE166 1 0 0 0 0 0 0 0 1 0 0 0 1 1 1 0 0 1 0 0 0.0687172696 -1.3169176907 -0.7817876722 0.6561178721 -1.4977829386 -0.7775053727 0.0245379375 0.3424344985 1.4501831222 -0.9539342183 -1.4314067557 -0.3708695662 -0.2970392757 0.5452859319 0.869537547 0.7413714036 1.6431686682 -0.9298516818 1.6755319649 0.3069348927
GENE167 1 0 0 0 0 0 0 0 1 0 0 0 1 1 1 0 0 1 0 0 0.0712817467 -1.3103770924 -0.7676849457 0.6433331384 -1.4755793526 -0.7813609571 0.0212486361 0.3371088823 1.4391853449 -0.9503955617 -1.4308563926 -0.3647963824 -0.2871941885 0.5638196141 0.8743585558 0.7354616637 1.6334860857 -0.8977315902 1.6713019209 0.2723654292
GENE168 1 0 0 0 0 0 0 0 1 0 0 0 1 1 1 0 0 1 0 0 0.0539740046 -1.3184914837 -0.7646277153 0.6454634927 -1.492594462 -0.7704545236 0.0329370109 0.3542876393 1.4540979634 -0.9612718119 -1.4433389187 -0.3812017514 -0.2872875193 0.5615791163 0.8745967319 0.7433931056 1.6347247228 -0.9200014739 1.6633489283 0.2954596463
GENE169 1 0 0 0 0 0 0 0 1 0 0 0 1 1 1 0 0 1 0 0 0.0766398909 -1.302720691 -0.761307106 0.6543294356 -1.4797455718 -0.7813786181 0.0131988952 0.3396703796 1.4609277741 -0.9589058046 -1.4399596452 -0.3652360112 -0.2788330138 0.5621385775 0.8786904047 0.7539639117 1.6300735334 -0.905623963 1.6682813426 0.2911936896
GENE170 1 1 0 1 1 1 0 1 1 0 1 0 0 0 0 1 1 1 1 0 1.1894877488 1.4810470194 -0.6771471434 0.4081455245 1.5732663017 -1.6131224631 -0.053521607 -1.3795183527 -0.8744280765 -0.5879352455 -0.3202714851 -0.8262818304 -0.7800441188 0.4197758414 1.693595346 -0.9144670913 -0.4557487704 0.221381046 0.62091524 0.8741781766
GENE171 1 1 0 1 1 1 0 1 1 0 1 0 0 0 0 1 1 1 1 0 1.1911840063 1.451196951 -0.6752552842 0.4046217917 1.5651863933 -1.6196271435 -0.055678293 -1.3968366719 -0.8789483741 -0.6023020078 -0.3187330276 -0.8139638795 -0.7821881701 0.4104584434 1.6957781441 -0.9271901226 -0.4505969999 0.2312223391 0.5915469484 0.872582644
GENE172 1 1 0 1 1 1 0 1 1 0 1 0 0 0 0 1 1 1 1 0 1.1909231197 1.4630119592 -0.6909879042 0.4249997517 1.584768272 -1.5943224365 -0.0566544861 -1.3672530688 -0.8544968345 -0.5891737835 -0.3114678573 -0.8323316765 -0.7797723026 0.4154373507 1.6973418156 -0.9232750959 -0.4589335736 0.2253303614 0.5927380539 0.8560725997
GENE173 1 1 0 1 1 1 0 1 1 0 1 0 0 0 0 1 1 1 1 0 1.2031746032 1.4744717022 -0.6813049109 0.4302461274 1.5582175555 -1.6124853579 -0.0553287236 -1.3687321698 -0.8631841748 -0.6054595935 -0.3203036455 -0.823705668 -0.7824793145 0.4204393403 1.6800812235 -0.9232911485 -0.4515665161 0.2464890165 0.6177656764 0.8714229367
GENE174 1 1 0 1 1 1 0 1 1 0 1 0 0 0 0 1 1 1 1 0 1.2005308889 1.4752806658 -0.6950845939 0.4207094959 1.5764817867 -1.596219857 -0.0393041841 -1.3922229901 -0.8835562111 -0.5972658231 -0.3182817712 -0.823728325 -0.8068861042 0.4360143756 1.7075101617 -0.9062106291 -0.4627261897 0.2394684538 0.6091777062 0.8861309221
GENE175 1 1 0 1 1 1 0 1 1 0 1 0 0 0 0 1 1 1 1 0 1.1919872211 1.4942452679 -0.6897899047 0.4156021232 1.5649025621 -1.6022476128 -0.0556419241 -1.3834533878 -0.869067095 -0.598678209 -0.3200716071 -0.8227978234 -0.7724563958 0.419414498 1.6917238275 -0.9296896685 -0.4836306247 0.2531922526 0.6005442673 0.873441619
GENE176 1 1 0 1 1 1 0 1 1 0 1 0 0 0 0 1 1 1 1 0 1.2038053328 1.4706983939 -0.665740829 0.4140249927 1.566014457 -1.59022868 -0.0396383266 -1.3791410406 -0.8721381323 -0.5931360501 -0.3097946283 -0.8026166017 -0.7797184671 0.4077500576 1.7013422719 -0.9141404665 -0.4474315059 0.2308515743 0.5951228447 0.8737863651
GENE177 1 1 0 1 1 1 0 1 1 0 1 0 0 0 0 1 1 1 1 0 1.1981683779 1.4577920326 -0.6753814753 0.4336854153 1.5684222237 -1.5833804131 -0.0488655962 -1.366985817 -0.8691149799 -0.6023197198 -0.3135604024 -0.8188980701 -0.7772289064 0.4074933046 1.6968268342 -0.9192807804 -0.4561538781 0.2261317913 0.5978989367 0.8624813604
GENE178 1 1 0 1 1 1 0 1 1 0 1 0 0 0 0 1 1 1 1 0 1.1960552665 1.4854541834 -0.7057534495 0.4069266707 1.5655078825 -1.616142605 -0.0464584951 -1.3797922883 -0.8917126623 -0.5939136661 -0.3198466083 -0.8328065698 -0.7872635114 0.4191042527 1.7097281203 -0.9148346983 -0.469515661 0.2221967474 0.5912305098 0.8858501029
GENE179 1 1 0 1 1 1 0 1 1 0 1 0 0 0 0 1 1 1 1 0 1.193725378 1.4690714599 -0.7018443083 0.4324390068 1.5587941068 -1.6054487449 -0.0348393963 -1.3693638352 -0.863862007 -0.597411373 -0.3414271209 -0.8391265653 -0.7919535677 0.4247528246 1.7060904659 -0.9044180576 -0.4693420462 0.2174325967 0.6040645298 0.8785854293
GENE180 1 1 0 0 0 0 0 0 0 1 1 1 0 1 1 0 0 1 1 1 -0.9646979269 0.1597999534 1.2329498174 -1.3825692338 -0.1227401186 1.8621263787 -0.6702725393 -1.2254499002 -0.3528357668 -0.9682797537 -0.5906476298 -1.2326308926 -0.4539226996 1.5122399406 0.4901224558 0.5337822195 0.8508920906 0.8154969781 -0.6737300545 1.1910840172
GENE181 1 1 0 0 0 0 0 0 0 1 1 1 0 1 1 0 0 1 1 1 -0.9630247764 0.1560769484 1.2374757105 -1.3830898153 -0.1242623453 1.846269096 -0.6662514062 -1.2512340383 -0.3660691895 -0.9766495659 -0.5766934296 -1.2234969769 -0.4361314746 1.5161308578 0.5003940908 0.5365377115 0.8642158329 0.8246444572 -0.6908483879 1.1877001412
GENE182 1 1 0 0 0 0 0 0 0 1 1 1 0 1 1 0 0 1 1 1 -0.9576107559 0.1715069238 1.2339896938 -1.3954364685 -0.1073198003 1.8549130104 -0.6744792892 -1.2438869846 -0.3498627353 -0.9684215675 -0.5718660333 -1.227146067 -0.4517066619 1.5201044079 0.4922650529 0.5560124288 0.8651504044 0.8126098878 -0.67691703 1.1863351428
GENE183 1 1 0 0 0 0 0 0 0 1 1 1 0 1 1 0 0 1 1 1 -0.9661065817 0.1706515424 1.2321356596 -1.3748203716 -0.1211962305 1.8503569808 -0.6703818097 -1.2547525549 -0.369327114 -0.9826845065 -0.5813228779 -1.2368850447 -0.4340600362 1.5063707855 0.4890994493 0.5441495775 0.8636454918 0.8145613568 -0.6729359259 1.1894180697
GENE184 1 1 0 0 0 0 0 0 0 1 1 1 0 1 1 0 0 1 1 1 -0.9602713802 0.1766037526 1.2426071584 -1.3895120276 -0.1108622502 1.8394672741 -0.6880165712 -1.2420916352 -0.3495042016 -0.9601529681 -0.5783202009 -1.2600734526 -0.4414390661 1.5125424201 0.4904162983 0.5419903293 0.8670486731 0.8222272897 -0.6814450308 1.1829646303
GENE185 1 1 0 0 0 0 0 0 0 1 1 1 0 1 1 0 0 1 1 1 -0.9745147366 0.1547427204 1.2297060299 -1.3636724855 -0.1069886939 1.8471534042 -0.6664298193 -1.2277781046 -0.3547515167 -0.9741902154 -0.5818106523 -1.248828067 -0.4402457309 1.5221915138 0.4876060484 0.5430733026 0.8588872159 0.8219915001 -0.6808740647 1.192612228
GENE186 1 1 0 0 0 0 0 0 0 1 1 1 0 1 1 0 0 1 1 1 -0.9712507194 0.1658274496 1.2259558747 -1.3836552887 -0.1220757587 1.8449503593 -0.6875666596 -1.2362545645 -0.3502883299 -0.9724076967 -0.5836686515 -1.2445096591 -0.4257760185 1.525112974 0.4838612791 0.5257219396 0.8632431356 0.824401654 -0.6887097096 1.1884177825
GENE187 1 1 0 0 0 0 0 0 0 1 1 1 0 1 1 0 0 1 1 1 -0.9613234532 0.1580535292 1.2312718772 -1.374752486 -0.1148213791 1.8419743303 -0.6849215197 -1.240601989 -0.3717071368 -0.9629377052 -0.5807097085 -1.249250695 -0.4571300553 1.5105038039 0.4777334847 0.5299059245 0.8566808153 0.8232819154 -0.67520482 1.1949003211
GENE188 1 1 0 0 0 0 0 0 0 1 1 1 0 1 1 0 0 1 1 1 -0.9701758768 0.1492317755 1.2355748214 -1.3611749752 -0.1218819317 1.845001582 -0.6878453806 -1.2362878222 -0.3629549735 -0.9676849617 -0.5905119983 -1.2138640048 -0.4533864023 1.5280917962 0.4850927157 0.538569488 0.8613667273 0.8124946634 -0.6696048832 1.1875610188
GENE189 1 1 0 0 0 0 0 0 0 1 1 1 0 1 1 0 0 1 1 1 -0.9594063303 0.1546217628 1.2264739353 -1.3787681866 -0.123476326 1.8355491486 -0.6833202016 -1.2502175642 -0.3419092502 -0.9566987015 -0.5728569576 -1.2417154078 -0.4507133318 1.5239684059 0.4959081357 0.5425845 0.8443493209 0.8156422143 -0.6790831812 1.1832900587
GENE190 0 0 0 0 0 0 1 1 0 1 0 1 1 1 1 0 0 1 0 1 -0.1413909166 0.5492254909 1.1298271913 -1.5024896941 -1.0353978465 -0.0518112847 1.1276359348 -0.8287793375 2.1810535464 -0.7076200586 0.3029025594 0.9060756884 -1.3071606494 -1.1880512356 -0.305995397 1.4412386093 -0.2876375298 -0.2524131913 -0.4837270729 0.4400820555
GENE191 0 0 0 0 0 0 1 1 0 1 0 1 1 1 1 0 0 1 0 1 -0.1476239138 0.5446880231 1.1400823168 -1.4932187852 -1.0368175083 -0.0313265548 1.1232034773 -0.8031978303 2.1905107637 -0.7110350668 0.2926435638 0.9259040326 -1.2948580257 -1.1954651177 -0.3173387727 1.4327965254 -0.2921221514 -0.2421984862 -0.5016114855 0.4463919528
GENE192 0 0 0 0 0 0 1 1 0 1 0 1 1 1 1 0 0 1 0 1 -0.1267036797 0.5480675851 1.1332295255 -1.506817622 -1.0386549297 -0.0365647157 1.1232710373 -0.8224093193 2.1929443526 -0.727200166 0.2683116754 0.9110918614 -1.2955692548 -1.183795531 -0.293779233 1.4498253521 -0.27229946 -0.229373538 -0.528469994 0.4620014
GENE193 0 0 0 0 0 0 1 1 0 1 0 1 1 1 1 0 0 1 0 1 -0.141106997 0.533788357 1.1300689595 -1.5115985648 -1.0299491529 -0.0461148059 1.1365459262 -0.8250749449 2.1655995578 -0.7177120105 0.3029120712 0.9286329964 -1.3127211451 -1.1856886702 -0.2956549493 1.4345075512 -0.298664794 -0.2441322744 -0.5350104584 0.436601586
GENE194 0 0 0 0 0 0 1 1 0 1 0 1 1 1 1 0 0 1 0 1 -0.1436342951 0.560670025 1.1465321402 -1.5101787815 -1.0547869409 -0.0268370386 1.1316138363 -0.8267174519 2.1845486763 -0.7159771722 0.3036022807 0.9232856491 -1.2696234049 -1.1882107351 -0.2901819936 1.4456012036 -0.2949540658 -0.2493164235 -0.4932074771 0.4335888013
GENE195 0 0 0 0 0 0 1 1 0 1 0 1 1 1 1 0 0 1 0 1 -0.1253436552 0.5283848849 1.1382208185 -1.5065111524 -1.0365734307 -0.0195851143 1.1221946605 -0.8401707365 2.1721978482 -0.7340253494 0.2916252448 0.9114885786 -1.3104097635 -1.1828165223 -0.2903891454 1.4449585011 -0.2988656043 -0.2422980349 -0.5134772532 0.4550247544
GENE196 0 0 0 0 0 0 1 1 0 1 0 1 1 1 1 0 0 1 0 1 -0.1390572392 0.5525913147 1.1174123918 -1.5134177479 -1.0302503194 -0.0290698515 1.1248762932 -0.8132658483 2.1858597611 -0.7141886012 0.2745846617 0.9093793752 -1.2869656434 -1.1831477449 -0.3006714028 1.4390970689 -0.2964159999 -0.2403531309 -0.5001241899 0.4402212468
GENE197 0 0 0 0 0 0 1 1 0 1 0 1 1 1 1 0 0 1 0 1 -0.1469072915 0.5425734169 1.1359533097 -1.5118034212 -1.0265438611 -0.0352801021 1.1195217637 -0.829201305 2.1858507932 -0.712463635 0.2697888732 0.9301205857 -1.2992250112 -1.1842539232 -0.3105155123 1.4368192595 -0.2955909383 -0.2465552906 -0.5168110037 0.4354511354
GENE198 0 0 0 0 0 0 1 1 0 1 0 1 1 1 1 0 0 1 0 1 -0.1484439666 0.5332853945 1.1449130978 -1.5135627868 -1.0517074114 -0.0224891566 1.1219787145 -0.814316382 2.1831893939 -0.7126086055 0.2975115296 0.8983148893 -1.3138788133 -1.1934670886 -0.3133397801 1.4585127764 -0.2977199274 -0.2359082684 -0.5166504269 0.4411832059
GENE199 0 0 0 0 0 0 1 1 0 1 0 1 1 1 1 0 0 1 0 1 -0.1179054788 0.5588434575 1.131342275 -1.5044187326 -1.0395702459 -0.0397406631 1.1364767329 -0.8243270502 2.1914375685 -0.7128700013 0.309304144 0.9154462946 -1.3021278433 -1.194310284 -0.2974725238 1.4489543623 -0.2887351562 -0.2372748203 -0.5004666297 0.4251161849
